#YY  MM DD hh mm WDIR WSPD GST  WVHT   DPD   APD MWD   PRES  ATMP  WTMP  DEWP  VIS  TIDE
#yr  mo dy hr mn degT m/s  m/s     m   sec   sec degT   hPa  degC  degC  degC   mi    ft
2012 12 31 23 50 999 99.0 99.0  5.91 10.00  8.84 999  997.6  16.3  18.2 999.0 99.0 99.00
2013 01 01 00 50 999 99.0 99.0  5.83 12.12  9.03 999  995.8  17.1  18.4 999.0 99.0 99.00
2013 01 01 01 50 999 99.0 99.0  5.99 12.90  9.05 999  995.9  18.0  18.6 999.0 99.0 99.00
2013 01 01 02 50 999 99.0 99.0  4.14 12.90  7.29 999  996.6  15.7  18.6 999.0 99.0 99.00
2013 01 01 03 50 999 99.0 99.0  4.87 12.12  8.29 999  996.0  17.5  18.6 999.0 99.0 99.00
2013 01 01 04 50 999 99.0 99.0  4.96 10.81  7.93 999  996.1  17.5  18.5 999.0 99.0 99.00
2013 01 01 05 50 999 99.0 99.0  4.94 10.00  8.24 999  996.6  16.5  18.4 999.0 99.0 99.00
2013 01 01 06 50 999 99.0 99.0  5.46 12.90  8.67 999  996.4  15.3  18.4 999.0 99.0 99.00
2013 01 01 07 50 999 99.0 99.0  5.57 12.90  8.55 999  996.8  14.5  18.3 999.0 99.0 99.00
2013 01 01 08 50 999 99.0 99.0  5.41 12.90  8.52 999  997.7  12.2  18.3 999.0 99.0 99.00
2013 01 01 09 50 999 99.0 99.0  5.39 10.00  8.31 999  998.2  15.7  18.3 999.0 99.0 99.00
2013 01 01 10 50 999 99.0 99.0  6.33 12.90  8.90 999  999.4  14.9  18.3 999.0 99.0 99.00
2013 01 01 11 50 999 99.0 99.0  6.14 13.79  8.96 999 1000.3  15.7  18.3 999.0 99.0 99.00
2013 01 01 12 50 999 99.0 99.0  5.89 13.79  8.92 999 1001.1  16.0  18.2 999.0 99.0 99.00
2013 01 01 13 50 999 99.0 99.0  5.80 13.79  8.87 999 1001.2  15.5  18.2 999.0 99.0 99.00
2013 01 01 14 50 999 99.0 99.0  6.12 14.81  8.89 999 1001.8  15.5  18.2 999.0 99.0 99.00
2013 01 01 15 50 999 99.0 99.0  6.56 12.90  9.12 999 1002.4  14.8  18.2 999.0 99.0 99.00
2013 01 01 16 50 999 99.0 99.0  5.45 14.81  8.67 999 1002.8  15.2  18.2 999.0 99.0 99.00
2013 01 01 17 50 999 99.0 99.0  5.85 10.81  8.74 999 1004.0  15.5  18.2 999.0 99.0 99.00
2013 01 01 18 50 999 99.0 99.0  6.41 14.81  9.27 999 1005.1  15.0  18.1 999.0 99.0 99.00
2013 01 01 19 50 999 99.0 99.0  5.43 14.81  8.84 999 1005.8  15.3  18.2 999.0 99.0 99.00
2013 01 01 20 50 999 99.0 99.0  5.77 14.81  9.36 999 1006.8  15.0  18.1 999.0 99.0 99.00
2013 01 01 21 50 999 99.0 99.0  5.23 14.81  8.96 999 1007.5  15.4  18.1 999.0 99.0 99.00
2013 01 01 22 50 999 99.0 99.0  5.10 13.79  8.91 999 1007.5  14.4  18.2 999.0 99.0 99.00
2013 01 01 23 50 999 99.0 99.0  4.68 10.81  8.49 999 1007.9  15.3  18.3 999.0 99.0 99.00
2013 01 02 00 50 999 99.0 99.0  5.18 14.81  8.92 999 1007.6  15.8  18.4 999.0 99.0 99.00
2013 01 02 01 50 999 99.0 99.0  5.68 13.79  9.75 999 1006.6  17.0  18.4 999.0 99.0 99.00
2013 01 02 02 50 999 99.0 99.0  5.76 14.81  9.48 999 1004.8  16.7  18.3 999.0 99.0 99.00
2013 01 02 03 50 999 99.0 99.0 99.00 99.00 99.00 999 1003.0  16.6  18.1 999.0 99.0 99.00
2013 01 02 04 50 999 99.0 99.0  5.94 16.00  9.04 999 1002.1  15.1  17.9 999.0 99.0 99.00
2013 01 02 05 50 999 99.0 99.0  5.66 14.81  8.66 999 1000.8  16.5  17.4 999.0 99.0 99.00
2013 01 02 06 50 999 99.0 99.0  5.96 14.81  8.53 999  999.2  16.4  17.1 999.0 99.0 99.00
2013 01 02 07 50 999 99.0 99.0  6.16 14.81  8.68 999  998.7  16.8  16.9 999.0 99.0 99.00
2013 01 02 08 50 999 99.0 99.0  6.19 14.81  8.80 999  997.6  17.4  16.9 999.0 99.0 99.00
2013 01 02 09 50 999 99.0 99.0  7.05 14.81  8.91 999  997.2  17.7  16.9 999.0 99.0 99.00
2013 01 02 10 50 999 99.0 99.0  7.01 14.81  8.93 999  997.1  17.4  16.9 999.0 99.0 99.00
2013 01 02 11 50 999 99.0 99.0  7.16 12.12  8.82 999  996.6  17.4  16.9 999.0 99.0 99.00
2013 01 02 12 50 999 99.0 99.0  7.12 13.79  9.16 999  998.1  14.8  16.9 999.0 99.0 99.00
2013 01 02 13 50 999 99.0 99.0  6.30 13.79  8.64 999  997.4  14.8  16.8 999.0 99.0 99.00
2013 01 02 14 50 999 99.0 99.0  5.47 13.79  8.32 999  996.9  15.4  16.8 999.0 99.0 99.00
2013 01 02 15 50 999 99.0 99.0  5.66 13.79  8.95 999  995.3  16.4  16.7 999.0 99.0 99.00
2013 01 02 16 50 999 99.0 99.0  5.15 13.79  8.29 999  995.9  16.4  16.6 999.0 99.0 99.00
2013 01 02 17 50 999 99.0 99.0  5.82 13.79  8.89 999  996.4  16.6  16.6 999.0 99.0 99.00
2013 01 02 18 50 999 99.0 99.0  5.93 12.12  8.63 999  996.7  16.5  16.6 999.0 99.0 99.00
2013 01 02 19 50 999 99.0 99.0  5.95 10.81  8.79 999  997.1  15.5  16.5 999.0 99.0 99.00
2013 01 02 20 50 999 99.0 99.0  5.97 10.81  8.71 999  997.5  14.9  16.5 999.0 99.0 99.00
2013 01 02 21 50 999 99.0 99.0  6.08 10.00  8.68 999  997.5  15.5  16.5 999.0 99.0 99.00
2013 01 02 22 50 999 99.0 99.0  5.09 12.12  8.30 999  997.4  16.5  16.4 999.0 99.0 99.00
2013 01 02 23 50 999 99.0 99.0  4.95  9.09  8.12 999  996.6  16.4  16.4 999.0 99.0 99.00
2013 01 03 00 50 999 99.0 99.0  5.05 12.12  8.04 999  996.9  16.6  16.3 999.0 99.0 99.00
2013 01 03 01 50 999 99.0 99.0  4.88 10.00  8.01 999  996.4  16.3  16.3 999.0 99.0 99.00
2013 01 03 02 50 999 99.0 99.0  4.93 10.00  7.96 999  995.6  16.3  16.5 999.0 99.0 99.00
2013 01 03 03 50 999 99.0 99.0  4.45 12.12  7.63 999  995.1  15.6  16.5 999.0 99.0 99.00
2013 01 03 04 50 999 99.0 99.0  5.14 10.00  8.25 999  995.6  14.7  16.4 999.0 99.0 99.00
2013 01 03 05 50 999 99.0 99.0  4.59 12.12  7.80 999  995.0  15.1  16.3 999.0 99.0 99.00
2013 01 03 06 50 999 99.0 99.0  4.70 12.12  8.15 999  994.0  15.4  16.3 999.0 99.0 99.00
2013 01 03 07 50 999 99.0 99.0  4.51 12.12  8.06 999  993.7  15.1  16.3 999.0 99.0 99.00
2013 01 03 08 50 999 99.0 99.0  4.59 11.43  8.03 999  993.5  15.0  16.3 999.0 99.0 99.00
2013 01 03 09 50 999 99.0 99.0  4.64 12.12  8.19 999  992.6  14.6  16.3 999.0 99.0 99.00
2013 01 03 10 50 999 99.0 99.0  4.25 12.12  7.82 999  991.4  15.5  16.4 999.0 99.0 99.00
2013 01 03 11 50 999 99.0 99.0  4.50 12.12  7.80 999  991.3  16.3  16.4 999.0 99.0 99.00
2013 01 03 12 50 999 99.0 99.0  4.74 12.12  8.11 999  992.0  16.0  16.4 999.0 99.0 99.00
2013 01 03 13 50 999 99.0 99.0  4.63 11.43  7.65 999  992.5  14.2  16.4 999.0 99.0 99.00
2013 01 03 14 50 999 99.0 99.0  4.97 12.12  8.09 999  992.7  14.7  16.5 999.0 99.0 99.00
2013 01 03 15 50 999 99.0 99.0  5.07 11.43  7.82 999  993.2  14.5  16.4 999.0 99.0 99.00
2013 01 03 16 50 999 99.0 99.0  4.76 10.81  7.71 999  994.3  13.8  16.4 999.0 99.0 99.00
2013 01 03 17 50 999 99.0 99.0  4.92 10.00  8.07 999  996.1  12.2  16.5 999.0 99.0 99.00
2013 01 03 18 50 999 99.0 99.0  5.65 12.12  8.46 999  997.8  12.8  16.5 999.0 99.0 99.00
2013 01 03 19 50 999 99.0 99.0  5.31 13.79  8.25 999  999.5  11.7  16.5 999.0 99.0 99.00
2013 01 03 20 50 999 99.0 99.0  5.31 12.90  8.28 999 1001.2  11.0  16.4 999.0 99.0 99.00
2013 01 03 21 50 999 99.0 99.0  5.01 12.12  7.94 999 1002.2  11.7  16.4 999.0 99.0 99.00
2013 01 03 22 50 999 99.0 99.0  4.54 10.81  7.72 999 1003.2  12.9  16.4 999.0 99.0 99.00
2013 01 03 23 50 999 99.0 99.0  5.17  9.09  8.26 999 1004.0  12.9  16.3 999.0 99.0 99.00
2013 01 04 00 50 999 99.0 99.0  4.86 12.12  8.15 999 1004.7  12.8  16.3 999.0 99.0 99.00
2013 01 04 01 50 999 99.0 99.0  4.99 10.00  8.18 999 1005.7  12.5  16.1 999.0 99.0 99.00
2013 01 04 02 50 999 99.0 99.0  4.93 10.81  8.17 999 1005.9  12.7  16.0 999.0 99.0 99.00
2013 01 04 03 50 999 99.0 99.0  5.06 13.79  8.20 999 1006.6  11.6  16.0 999.0 99.0 99.00
2013 01 04 04 50 999 99.0 99.0  5.18 12.90  8.50 999 1007.2  12.4  16.0 999.0 99.0 99.00
2013 01 04 05 50 999 99.0 99.0  5.09 10.81  8.08 999 1007.7  13.5  16.0 999.0 99.0 99.00
2013 01 04 06 50 999 99.0 99.0  5.65 13.79  8.52 999 1008.2  13.1  15.9 999.0 99.0 99.00
2013 01 04 07 50 999 99.0 99.0  5.22 13.79  8.35 999 1009.1  12.8  15.7 999.0 99.0 99.00
2013 01 04 08 50 999 99.0 99.0  5.00 13.79  8.31 999 1009.9  13.2  15.7 999.0 99.0 99.00
2013 01 04 09 50 999 99.0 99.0  5.50 13.79  8.77 999 1010.7  13.0  15.7 999.0 99.0 99.00
2013 01 04 10 50 999 99.0 99.0  5.28 12.12  8.88 999 1011.6  13.2  15.7 999.0 99.0 99.00
2013 01 04 11 50 999 99.0 99.0  4.87 13.79  8.97 999 1012.0  13.7  15.7 999.0 99.0 99.00
2013 01 04 12 50 999 99.0 99.0  4.52 13.79  8.58 999 1012.6  13.9  15.7 999.0 99.0 99.00
2013 01 04 13 50 999 99.0 99.0  4.57 12.12  8.40 999 1011.6  14.1  15.7 999.0 99.0 99.00
2013 01 04 14 50 999 99.0 99.0  4.90 12.90  8.85 999 1010.5  13.8  15.7 999.0 99.0 99.00
2013 01 04 15 50 999 99.0 99.0  4.13 12.12  8.26 999 1009.4  13.4  15.8 999.0 99.0 99.00
2013 01 04 16 50 999 99.0 99.0  4.26 13.79  8.39 999 1008.2  14.3  15.8 999.0 99.0 99.00
2013 01 04 17 50 999 99.0 99.0  4.41 13.79  8.20 999 1006.7  15.4  15.9 999.0 99.0 99.00
2013 01 04 18 50 999 99.0 99.0 99.00 99.00 99.00 999 1005.2  15.7  15.9 999.0 99.0 99.00
2013 01 04 19 50 999 99.0 99.0  4.63 11.43  7.51 999 1004.5  15.3  16.0 999.0 99.0 99.00
2013 01 04 20 50 999 99.0 99.0  4.79 12.90  7.59 999 1004.0  15.9  15.8 999.0 99.0 99.00
2013 01 04 21 50 999 99.0 99.0  4.97  8.33  7.56 999 1002.7  16.4  15.9 999.0 99.0 99.00
2013 01 04 22 50 999 99.0 99.0  5.45 12.90  8.04 999 1003.2  15.4  16.0 999.0 99.0 99.00
2013 01 04 23 50 999 99.0 99.0  5.24  9.09  7.99 999 1003.9  14.9  16.0 999.0 99.0 99.00
2013 01 05 00 50 999 99.0 99.0  5.75 10.00  8.15 999 1003.9  15.7  16.0 999.0 99.0 99.00
2013 01 05 01 50 999 99.0 99.0  5.27 10.00  7.96 999 1004.5  15.2  16.0 999.0 99.0 99.00
2013 01 05 02 50 999 99.0 99.0  4.74 10.00  7.74 999 1004.9  16.0  16.0 999.0 99.0 99.00
2013 01 05 03 50 999 99.0 99.0  4.57 10.81  7.54 999 1005.4  15.8  16.0 999.0 99.0 99.00
2013 01 05 04 50 999 99.0 99.0  4.93 12.90  8.04 999 1006.5  15.1  16.0 999.0 99.0 99.00
2013 01 05 05 50 999 99.0 99.0  4.74 12.12  8.07 999 1006.9  15.4  16.1 999.0 99.0 99.00
2013 01 05 06 50 999 99.0 99.0  4.63 12.12  8.08 999 1007.4  15.0  16.1 999.0 99.0 99.00
2013 01 05 07 50 999 99.0 99.0  3.85 12.90  7.36 999 1008.4  14.3  16.0 999.0 99.0 99.00
2013 01 05 08 50 999 99.0 99.0  4.43 11.43  7.92 999 1009.7  14.0  16.0 999.0 99.0 99.00
2013 01 05 09 50 999 99.0 99.0  3.62 12.12  7.59 999 1010.8  13.8  15.9 999.0 99.0 99.00
2013 01 05 10 50 999 99.0 99.0  3.73 12.12  7.85 999 1012.1  13.9  15.9 999.0 99.0 99.00
2013 01 05 11 50 999 99.0 99.0  3.56 11.43  7.54 999 1013.2  14.0  15.9 999.0 99.0 99.00
2013 01 05 12 50 999 99.0 99.0  3.74 11.43  7.79 999 1014.3  14.0  15.9 999.0 99.0 99.00
2013 01 05 13 50 999 99.0 99.0  3.60 12.12  7.89 999 1014.1  13.1  16.0 999.0 99.0 99.00
2013 01 05 14 50 999 99.0 99.0  3.57 11.43  7.93 999 1013.6  13.8  16.0 999.0 99.0 99.00
2013 01 05 15 50 999 99.0 99.0  4.10 11.43  8.42 999 1013.2  14.2  16.1 999.0 99.0 99.00
2013 01 05 16 50 999 99.0 99.0  3.50 12.12  8.02 999 1013.4  14.1  16.1 999.0 99.0 99.00
2013 01 05 17 50 999 99.0 99.0  3.52 10.81  7.96 999 1013.4  13.4  16.1 999.0 99.0 99.00
2013 01 05 18 50 999 99.0 99.0  3.09 10.00  7.59 999 1013.3  13.5  16.0 999.0 99.0 99.00
2013 01 05 19 50 999 99.0 99.0  3.36 10.00  7.93 999 1013.2  13.8  16.0 999.0 99.0 99.00
2013 01 05 20 50 999 99.0 99.0  3.11 10.81  7.59 999 1013.3  14.0  15.9 999.0 99.0 99.00
2013 01 05 21 50 999 99.0 99.0  2.97 10.81  7.39 999 1013.1  14.4  15.9 999.0 99.0 99.00
2013 01 05 22 50 999 99.0 99.0  3.19  8.33  7.54 999 1012.5  14.5  15.9 999.0 99.0 99.00
2013 01 05 23 50 999 99.0 99.0  2.87 10.81  7.42 999 1011.8  14.6  15.9 999.0 99.0 99.00
2013 01 06 00 50 999 99.0 99.0  2.82 10.81  7.32 999 1010.6  14.8  15.9 999.0 99.0 99.00
2013 01 06 01 50 999 99.0 99.0  2.84 10.81  7.02 999 1009.6  15.1  15.9 999.0 99.0 99.00
2013 01 06 02 50 999 99.0 99.0  2.82  9.09  6.74 999 1008.5  15.6  15.9 999.0 99.0 99.00
2013 01 06 03 50 999 99.0 99.0  2.99 11.43  6.59 999 1007.2  15.7  15.9 999.0 99.0 99.00
2013 01 06 04 50 999 99.0 99.0  3.02  7.69  6.23 999 1006.2  15.3  15.9 999.0 99.0 99.00
2013 01 06 05 50 999 99.0 99.0  3.57  8.33  6.47 999 1004.7  15.7  15.9 999.0 99.0 99.00
2013 01 06 06 50 999 99.0 99.0  3.47  7.69  6.50 999 1003.4  15.3  15.9 999.0 99.0 99.00
2013 01 06 07 50 999 99.0 99.0  4.08  8.33  6.71 999 1001.8  15.3  15.9 999.0 99.0 99.00
2013 01 06 08 50 999 99.0 99.0  3.95  7.69  6.64 999 1004.2  14.2  15.9 999.0 99.0 99.00
2013 01 06 09 50 999 99.0 99.0  3.77  8.33  6.63 999 1006.1  14.5  15.8 999.0 99.0 99.00
2013 01 06 10 50 999 99.0 99.0  4.64 10.00  7.12 999 1008.0  13.4  15.8 999.0 99.0 99.00
2013 01 06 11 50 999 99.0 99.0  4.26  9.09  7.09 999 1009.6  13.3  15.8 999.0 99.0 99.00
2013 01 06 12 50 999 99.0 99.0  4.54 10.00  7.26 999 1010.7  13.6  15.8 999.0 99.0 99.00
2013 01 06 13 50 999 99.0 99.0  4.25 10.81  7.26 999 1010.7  13.6  15.8 999.0 99.0 99.00
2013 01 06 14 50 999 99.0 99.0  4.14 10.81  7.29 999 1010.4  13.4  15.8 999.0 99.0 99.00
2013 01 06 15 50 999 99.0 99.0  4.09 10.81  7.41 999 1010.3  12.7  15.8 999.0 99.0 99.00
2013 01 06 16 50 999 99.0 99.0  4.47 10.00  7.42 999 1010.6  12.5  15.7 999.0 99.0 99.00
2013 01 06 17 50 999 99.0 99.0  4.76 10.81  7.60 999 1011.2  12.9  15.8 999.0 99.0 99.00
2013 01 06 18 50 999 99.0 99.0  4.84 10.81  7.73 999 1012.5  12.5  15.7 999.0 99.0 99.00
2013 01 06 19 50 999 99.0 99.0  5.42 10.81  7.86 999 1014.2  12.2  15.7 999.0 99.0 99.00
2013 01 06 20 50 999 99.0 99.0  5.57 11.43  8.10 999 1015.7  11.5  15.7 999.0 99.0 99.00
2013 01 06 21 50 999 99.0 99.0  6.29 11.43  8.47 999 1017.1  11.5  15.7 999.0 99.0 99.00
2013 01 06 22 50 999 99.0 99.0 99.00 99.00 99.00 999 1018.1  11.3  15.7 999.0 99.0 99.00
2013 01 06 23 50 999 99.0 99.0  5.81 12.12  8.49 999 1018.7  10.9  15.6 999.0 99.0 99.00
2013 01 07 00 50 999 99.0 99.0  5.98 11.43  8.61 999 1019.3  11.7  15.7 999.0 99.0 99.00
2013 01 07 01 50 999 99.0 99.0  5.60 12.12  8.52 999 1020.4  10.9  16.0 999.0 99.0 99.00
2013 01 07 02 50 999 99.0 99.0  6.01 11.43  8.89 999 1020.6  11.6  16.3 999.0 99.0 99.00
2013 01 07 03 50 999 99.0 99.0  4.82 11.43  8.28 999 1020.8  11.0  16.3 999.0 99.0 99.00
2013 01 07 04 50 999 99.0 99.0  5.62 12.12  8.74 999 1021.3  11.1  16.4 999.0 99.0 99.00
2013 01 07 05 50 999 99.0 99.0  5.43 12.12  8.78 999 1021.4  11.6  16.6 999.0 99.0 99.00
2013 01 07 06 50 999 99.0 99.0  5.23 12.12  8.43 999 1021.6  12.2  16.7 999.0 99.0 99.00
2013 01 07 07 50 999 99.0 99.0  4.76 12.12  8.52 999 1022.1  11.6  16.7 999.0 99.0 99.00
2013 01 07 08 50 999 99.0 99.0  5.29 12.12  8.85 999 1022.2  12.1  16.7 999.0 99.0 99.00
2013 01 07 09 50 999 99.0 99.0  4.82 12.12  8.90 999 1022.7  12.7  16.7 999.0 99.0 99.00
2013 01 07 10 50 999 99.0 99.0  4.80 12.12  8.72 999 1022.9  12.8  16.6 999.0 99.0 99.00
2013 01 07 11 50 999 99.0 99.0  5.59 12.12  9.29 999 1023.5  13.2  16.5 999.0 99.0 99.00
2013 01 07 12 50 999 99.0 99.0  5.31 12.12  9.31 999 1023.7  13.4  16.5 999.0 99.0 99.00
2013 01 07 13 50 999 99.0 99.0  5.07 12.12  9.04 999 1021.8  13.7  16.4 999.0 99.0 99.00
2013 01 07 14 50 999 99.0 99.0  5.15 12.12  9.10 999 1021.0  13.9  16.6 999.0 99.0 99.00
2013 01 07 15 50 999 99.0 99.0  5.19 12.12  9.07 999 1019.9  14.5  16.8 999.0 99.0 99.00
2013 01 07 16 50 999 99.0 99.0  4.80 11.43  9.07 999 1018.8  14.8  16.9 999.0 99.0 99.00
2013 01 07 17 50 999 99.0 99.0  4.81 12.90  8.77 999 1018.1  15.0  16.9 999.0 99.0 99.00
2013 01 07 18 50 999 99.0 99.0  4.85 12.12  8.62 999 1017.4  15.5  17.0 999.0 99.0 99.00
2013 01 07 19 50 999 99.0 99.0  4.89 12.12  8.65 999 1016.8  15.7  17.0 999.0 99.0 99.00
2013 01 07 20 50 999 99.0 99.0  4.12 12.12  7.82 999 1015.7  15.9  17.0 999.0 99.0 99.00
2013 01 07 21 50 999 99.0 99.0  4.56 12.12  7.95 999 1014.7  16.2  17.0 999.0 99.0 99.00
2013 01 07 22 50 999 99.0 99.0  4.48 12.12  7.59 999 1012.6  16.4  16.9 999.0 99.0 99.00
2013 01 07 23 50 999 99.0 99.0  4.51  7.69  7.10 999 1011.1  16.7  16.9 999.0 99.0 99.00
2013 01 08 00 50 999 99.0 99.0  4.83 12.12  7.33 999 1008.6  16.9  16.9 999.0 99.0 99.00
2013 01 08 01 50 999 99.0 99.0  5.00  8.33  7.38 999 1007.1  16.9  16.9 999.0 99.0 99.00
2013 01 08 02 50 999 99.0 99.0  6.06  9.09  8.13 999 1004.7  16.8  16.9 999.0 99.0 99.00
2013 01 08 03 50 999 99.0 99.0  6.16 10.00  7.99 999 1002.2  17.2  16.9 999.0 99.0 99.00
2013 01 08 04 50 999 99.0 99.0  6.99 10.81  8.41 999  999.6  17.6  16.9 999.0 99.0 99.00
