YYYY MM DD hh mm  WD  WSPD GST  WVHT  DPD   APD  MWD  BAR    ATMP  WTMP  DEWP  VIS  TIDE
2005 01 01 00 00 165  5.0  5.8  1.05 11.11  4.97 999 1028.3   7.1   5.2 999.0 99.0 99.00
2005 01 01 01 00 156  5.1  5.9  1.10 11.11  4.89 999 1027.4   7.1   5.2 999.0 99.0 99.00
2005 01 01 02 00 176  5.7  6.7  1.04  4.17  4.76 999 1027.2   7.4   5.2 999.0 99.0 99.00
2005 01 01 03 00 176  5.8  6.7  1.07 11.11  4.88 999 1026.5   7.5   5.5 999.0 99.0 99.00
2005 01 01 04 00 188  6.9  7.9  1.12 11.11  4.93 999 1025.5   8.1   5.5 999.0 99.0 99.00
2005 01 01 05 00 197  6.1  7.1  1.37 10.00  4.91 999 1025.0   8.2   5.2 999.0 99.0 99.00
2005 01 01 06 00 190  6.3  7.1  1.45  5.26  5.07 999 1024.0   8.3   5.5 999.0 99.0 99.00
2005 01 01 07 00 194  7.8  9.2  1.55  5.26  4.93 999 1023.4   8.8   5.5 999.0 99.0 99.00
2005 01 01 08 00 203  8.2  9.5  1.61  5.88  5.07 999 1022.7   9.0   5.5 999.0 99.0 99.00
2005 01 01 09 00 215  8.2  9.4  1.90  6.25  5.42 999 1022.1   9.0   5.5 999.0 99.0 99.00
2005 01 01 10 00 218  6.3  7.1  1.81  6.67  5.47 999 1021.9   8.4   5.5 999.0 99.0 99.00
2005 01 01 11 00 215  6.9  7.9  2.04  6.67  5.58 999 1021.2   8.6   5.4 999.0 99.0 99.00
2005 01 01 12 00 216  7.7  8.9  2.10  6.67  5.80 999 1021.0   9.0   5.5 999.0 99.0 99.00
2005 01 01 13 00 219  7.5  8.6  1.93  6.67  5.76 999 1021.0   9.0   5.5 999.0 99.0 99.00
2005 01 01 14 00 228  7.5  8.4  2.16  6.67  5.87 999 1021.1   9.1   5.5 999.0 99.0 99.00
2005 01 01 15 00 234  7.6  9.2  2.01  6.25  5.51 999 1021.5   9.0   5.5 999.0 99.0 99.00
2005 01 01 16 00 238  7.3  8.5  1.79  6.25  5.32 999 1020.8   8.7   5.5 999.0 99.0 99.00
2005 01 01 17 00 240  8.0  9.2  1.83  5.88  5.34 999 1019.6   8.6   5.5 999.0 99.0 99.00
2005 01 01 18 00 244  7.8  9.3  1.82  6.67  5.32 999 1018.8   8.3   5.5 999.0 99.0 99.00
2005 01 01 19 00 258  8.2  9.5  1.99  6.25  5.19 999 1019.1   8.2   5.5 999.0 99.0 99.00
2005 01 01 20 00 272  8.6 10.0  2.05  5.88  5.22 999 1020.3   8.2   5.5 999.0 99.0 99.00
2005 01 01 21 00 289  8.2  9.7  1.99  6.25  5.26 999 1021.3   7.8   5.5 999.0 99.0 99.00
2005 01 01 22 00 310 10.4 12.5  2.00  6.25  5.11 999 1022.0   7.6   5.6 999.0 99.0 99.00
2005 01 01 23 00 322  8.9 11.0  2.09  6.25  5.20 999 1023.7   7.1   5.6 999.0 99.0 99.00
2005 01 02 00 00 327  7.8  9.0  2.19  5.88  5.25 999 1024.9   7.0   5.6 999.0 99.0 99.00
2005 01 02 01 00 322  9.0 10.9  2.11  6.25  5.41 999 1026.0   6.7   5.6 999.0 99.0 99.00
2005 01 02 02 00 331  9.2 11.2  2.33  5.88  5.25 999 1026.7   6.6   5.6 999.0 99.0 99.00
2005 01 02 03 00 336  9.8 12.6  2.03  5.88  5.23 999 1027.3   6.3   5.6 999.0 99.0 99.00
2005 01 02 04 00 342  9.1 11.6  2.13  5.88  5.17 999 1028.3   6.1   5.9 999.0 99.0 99.00
2005 01 02 05 00 346 10.9 12.8  1.99  6.25  5.17 999 1028.8   5.7   5.7 999.0 99.0 99.00
2005 01 02 06 00 354 11.2 13.4  2.09  5.88  5.27 999 1029.6   5.1   6.2 999.0 99.0 99.00
2005 01 02 07 00 349  8.4 10.7  2.28  6.25  5.46 999 1030.5   4.9   5.9 999.0 99.0 99.00
2005 01 02 08 00 355 10.1 12.6  2.46  6.67  5.40 999 1031.3   4.3   5.9 999.0 99.0 99.00
2005 01 02 09 00   3  9.3 11.3  2.65  6.67  5.63 999 1032.0   3.9   5.5 999.0 99.0 99.00
2005 01 02 10 00   6 10.5 12.7  2.72  7.14  5.64 999 1033.2   3.6   5.5 999.0 99.0 99.00
2005 01 02 11 00   5  9.9 11.9  3.03  7.14  5.80 999 1034.4   3.2   5.5 999.0 99.0 99.00
2005 01 02 12 00  12  9.8 11.5  2.60  7.14  5.59 999 1035.0   2.8   5.5 999.0 99.0 99.00
2005 01 02 13 00  23  9.8 11.2  3.07  7.69  5.95 999 1036.0   2.6   5.5 999.0 99.0 99.00
2005 01 02 14 00  30  9.5 11.8  2.89  7.69  5.84 999 1037.3   2.2   5.2 999.0 99.0 99.00
2005 01 02 15 00  41  8.5 10.5  2.53  7.69  5.74 999 1037.6   2.0   5.2 999.0 99.0 99.00
2005 01 02 16 00  38  7.0  8.5  2.43  8.33  5.80 999 1037.1   1.6   5.2 999.0 99.0 99.00
2005 01 02 17 00  52  6.1  7.6  2.32  8.33  6.01 999 1036.5   1.6   5.2 999.0 99.0 99.00
2005 01 02 18 00  57  4.5  5.9  2.17  8.33  6.16 999 1036.4   1.6   5.2 999.0 99.0 99.00
2005 01 02 19 00  56  5.1  6.0  1.94  8.33  5.83 999 1036.1   1.7   5.2 999.0 99.0 99.00
2005 01 02 20 00  82  4.2  5.6  2.10  8.33  6.26 999 1036.5   2.0   5.2 999.0 99.0 99.00
2005 01 02 21 00  88  4.9  6.1  2.04  8.33  6.18 999 1036.4   2.4   5.2 999.0 99.0 99.00
2005 01 02 22 00  95  4.8  5.9  1.74  7.14  5.76 999 1036.2   2.7   5.2 999.0 99.0 99.00
2005 01 02 23 00 116  4.8  5.6  1.60  7.14  5.53 999 1036.5   3.2   5.2 999.0 99.0 99.00
2005 01 03 00 00 128  5.8  6.9  1.50  7.14  5.36 999 1036.0   3.9   5.2 999.0 99.0 99.00
2005 01 03 01 00 135  4.9  6.1  1.49  6.25  5.32 999 1035.8   4.3   5.1 999.0 99.0 99.00
2005 01 03 02 00 142  4.8  6.0  1.35  7.14  5.14 999 1035.0   4.7   5.1 999.0 99.0 99.00
2005 01 03 03 00 158  3.6  4.2  1.36  7.14  5.31 999 1034.5   5.1   5.1 999.0 99.0 99.00
2005 01 03 04 00 176  4.5  5.6  1.27  6.67  5.29 999 1033.5   5.2   4.8 999.0 99.0 99.00
2005 01 03 05 00 175  4.1  5.2  1.15  6.67  5.24 999 1032.0   5.2   4.8 999.0 99.0 99.00
2005 01 03 06 00 166  4.6  5.4  1.04 10.00  5.12 999 1030.5   5.2   4.7 999.0 99.0 99.00
2005 01 03 07 00 176  3.9  4.4  1.02  7.14  5.17 999 1030.3   5.5   4.8 999.0 99.0 99.00
2005 01 03 08 00 186  4.5  5.5  1.03 10.00  5.44 999 1029.8   5.8   4.8 999.0 99.0 99.00
2005 01 03 09 00 193  4.0  4.5  1.03 10.00  5.48 999 1028.8   6.3   4.8 999.0 99.0 99.00
2005 01 03 10 00 199  5.4  6.3  0.97 10.00  5.33 999 1028.2   7.1   4.8 999.0 99.0 99.00
2005 01 03 11 00 200  5.5  6.2  0.98 10.00  4.87 999 1028.1   7.4   4.8 999.0 99.0 99.00
2005 01 03 12 00 202  5.9  6.7  0.96 10.00  4.91 999 1027.4   7.8   4.8 999.0 99.0 99.00
2005 01 03 13 00 206  6.0  6.7  1.04 10.00  4.76 999 1027.4   7.5   4.8 999.0 99.0 99.00
2005 01 03 14 00 208  7.2  8.4  1.14  5.26  4.85 999 1027.1   8.3   4.8 999.0 99.0 99.00
2005 01 03 15 00 213  7.4  8.4  1.27  5.56  4.94 999 1026.7   8.6   4.8 999.0 99.0 99.00
2005 01 03 16 00 212  7.7  9.1  1.32  5.56  4.85 999 1025.7   8.6   5.0 999.0 99.0 99.00
2005 01 03 17 00 215  8.1  9.3  1.40  5.88  4.87 999 1024.5   8.9   5.1 999.0 99.0 99.00
2005 01 03 18 00 213  8.1  9.3  1.42  5.56  4.74 999 1023.6   8.7   5.1 999.0 99.0 99.00
2005 01 03 19 00 221  7.6  9.2  1.45  5.56  4.73 999 1023.5   8.6   5.1 999.0 99.0 99.00
2005 01 03 20 00 225  6.7  7.8  1.44  5.26  4.74 999 1023.5   8.3   5.2 999.0 99.0 99.00
2005 01 03 21 00 236  5.6  6.3  1.38  5.56  4.78 999 1023.6   7.9   5.2 999.0 99.0 99.00
2005 01 03 22 00 241  4.9  5.7  1.42  5.88  4.80 999 1024.1   7.6   5.2 999.0 99.0 99.00
2005 01 03 23 00 245  3.2  3.4  1.42  5.56  5.07 999 1024.2   7.1   5.1 999.0 99.0 99.00
2005 01 04 00 00 238  4.1  4.7  1.51  5.88  5.17 999 1024.1   7.5   5.1 999.0 99.0 99.00
2005 01 04 01 00 223  4.2  4.6  1.37  5.88  5.05 999 1023.7   7.1   5.1 999.0 99.0 99.00
2005 01 04 02 00 231  3.1  3.9  1.33  5.88  5.26 999 1023.6   7.1   5.1 999.0 99.0 99.00
2005 01 04 03 00 270  1.9  2.2  1.31  5.56  5.22 999 1022.8   7.1   5.1 999.0 99.0 99.00
2005 01 04 04 00 155  0.7  1.1  1.20  5.88  5.28 999 1022.4   6.6   5.2 999.0 99.0 99.00
2005 01 04 05 00 157  1.5  1.9  1.22  5.88  5.33 999 1021.2   6.7   5.2 999.0 99.0 99.00
2005 01 04 06 00  68  0.2  1.0  1.23  5.56  5.10 999 1020.4   7.4   5.2 999.0 99.0 99.00
2005 01 04 07 00  85  1.0  1.4  1.16  5.56  5.30 999 1019.6   7.4   5.2 999.0 99.0 99.00
2005 01 04 08 00  58  1.9  2.3  1.10  5.00  5.20 999 1019.0   7.4   5.1 999.0 99.0 99.00
2005 01 04 09 00  59  3.4  4.0  1.09  5.56  5.09 999 1017.9   6.6   5.1 999.0 99.0 99.00
2005 01 04 10 00  76  2.9  3.4  1.12  5.26  5.12 999 1017.3   6.0   5.1 999.0 99.0 99.00
2005 01 04 11 00  95  2.7  3.2  1.13  5.26  5.15 999 1016.4   6.3   5.1 999.0 99.0 99.00
2005 01 04 12 00 211  4.5  5.8  1.32  5.26  5.17 999 1015.6   8.3   5.1 999.0 99.0 99.00
2005 01 04 13 00 227  8.4 10.7  1.45  5.88  5.28 999 1014.9   9.3   5.1 999.0 99.0 99.00
2005 01 04 14 00 275  4.2  5.9  1.56  6.25  5.39 999 1014.8   8.4   5.2 999.0 99.0 99.00
2005 01 04 15 00   8  4.8  6.2  1.55  6.25  5.32 999 1015.1   5.9   5.2 999.0 99.0 99.00
2005 01 04 16 00  23  8.9 10.6  1.63  7.14  5.08 999 1015.5   5.5   5.2 999.0 99.0 99.00
2005 01 04 17 00  24 10.8 13.3  2.01  5.56  4.92 999 1015.5   5.1   5.6 999.0 99.0 99.00
2005 01 04 18 00  20 10.5 12.6  2.31  5.88  5.00 999 1015.8   5.1   5.6 999.0 99.0 99.00
2005 01 04 19 00  31  9.3 11.2  2.13  5.56  4.96 999 1016.3   5.1   5.5 999.0 99.0 99.00
2005 01 04 20 00  24  7.6  8.9  2.13  6.25  5.05 999 1017.7   5.1   5.2 999.0 99.0 99.00
2005 01 04 21 00  34  7.3 99.0 99.00 99.00 99.00 999 9999.0   4.8 999.0 999.0 99.0 99.00
2005 01 04 22 00  16  7.5  9.4  1.75  5.56  5.02 999 1019.2   4.4   5.2 999.0 99.0 99.00
2005 01 05 00 00   7  6.3  7.5  1.93  8.33  5.57 999 1021.1   3.9   5.2 999.0 99.0 99.00
2005 01 05 01 00  11  6.1  8.2  1.69  7.14  5.46 999 1021.7   4.0   5.2 999.0 99.0 99.00
2005 01 05 02 00  25  3.6  4.9  1.72  7.14  5.45 999 1021.9   3.9   5.2 999.0 99.0 99.00
2005 01 05 03 00  15  3.0  4.1  1.68  6.67  5.63 999 1021.5   3.9   5.2 999.0 99.0 99.00
2005 01 05 04 00  34  1.8  2.5  1.59  7.69  5.48 999 1021.0   3.8   5.2 999.0 99.0 99.00
2005 01 05 05 00 353  1.7  2.5  1.50  7.69  5.58 999 1020.3   3.7   5.2 999.0 99.0 99.00
2005 01 05 06 00   2  2.4  3.5  1.54  7.14  5.68 999 1020.1   3.9   5.2 999.0 99.0 99.00
2005 01 05 07 00 299  1.2  1.9  1.57  7.14  5.71 999 1020.3   4.3   5.2 999.0 99.0 99.00
2005 01 05 08 00 199  2.6  3.5  1.51  7.69  6.06 999 1019.8   4.4   5.1 999.0 99.0 99.00
2005 01 05 09 00 203  4.3  5.1  1.60  7.69  6.17 999 1019.4   4.7   5.1 999.0 99.0 99.00
2005 01 05 10 00 194  4.5  5.3  1.39  7.14  6.20 999 1018.8   4.7   5.1 999.0 99.0 99.00
2005 01 05 11 00 206  4.7  5.5  1.54  7.69  6.52 999 1019.4   4.7   5.1 999.0 99.0 99.00
2005 01 05 12 00 205  5.8  6.9  1.40  8.33  6.24 999 1019.5   4.8   5.2 999.0 99.0 99.00
2005 01 05 13 00 211  5.8  6.7  1.56  7.69  6.38 999 1019.5   5.1   5.2 999.0 99.0 99.00
2005 01 05 14 00 211  5.3  6.6  1.38  7.69  6.00 999 1019.7   5.3   5.2 999.0 99.0 99.00
2005 01 05 15 00 219  4.6  5.9  1.41  7.69  6.18 999 1019.5   5.6   5.2 999.0 99.0 99.00
2005 01 05 16 00 228  5.1  6.0  1.41  7.69  6.37 999 1018.9   5.8   5.5 999.0 99.0 99.00
2005 01 05 17 00 318  6.4  7.7  1.40  7.69  6.31 999 1018.1   5.7   5.2 999.0 99.0 99.00
2005 01 05 18 00 355  6.4  8.0  1.37  8.33  6.21 999 1017.5   4.9   4.8 999.0 99.0 99.00
2005 01 05 19 00  24  9.2 10.5 99.00 99.00 99.00 999 1016.4   3.6   4.8 999.0 99.0 99.00
2005 01 05 20 00  30  8.4 99.0 99.00 99.00 99.00 999 1017.2   2.8   4.8 999.0 99.0 99.00
2005 01 05 21 00  23  9.1 11.0 99.00 99.00 99.00 999 1018.4   1.7   4.8 999.0 99.0 99.00
2005 01 05 22 00  20  9.3 11.5  1.68  4.76  4.59 999 1018.8   1.3   4.8 999.0 99.0 99.00
2005 01 05 23 00  20  9.6 11.4  1.84  5.26  4.72 999 1019.4   1.2   4.8 999.0 99.0 99.00
2005 01 06 00 00  21  9.0 10.6  2.06  5.56  5.00 999 1019.6   1.6   4.8 999.0 99.0 99.00
2005 01 06 01 00  20  9.3 11.4  1.98  5.88  4.89 999 1020.3   1.6   4.8 999.0 99.0 99.00
2005 01 06 02 00  19  8.6 10.5  2.06  6.25  5.03 999 1020.5   1.2   4.8 999.0 99.0 99.00
2005 01 06 03 00  28  8.3 10.0  2.09  6.25  5.05 999 1020.4   1.2   4.8 999.0 99.0 99.00
2005 01 06 04 00  37  6.9  8.0  2.08  6.67  5.22 999 1020.2   0.9   4.8 999.0 99.0 99.00
2005 01 06 05 00  36  6.1  7.7  2.06  6.67  5.45 999 1019.6   0.9   4.8 999.0 99.0 99.00
2005 01 06 06 00  32  5.8  7.0  1.82  6.67  5.47 999 1019.8   0.8   4.8 999.0 99.0 99.00
2005 01 06 07 00  41  6.2  7.5  1.67  6.67  5.34 999 1020.3   0.6   4.7 999.0 99.0 99.00
2005 01 06 08 00  42  5.5  7.1  1.53  6.67  5.51 999 1020.4   0.5   4.8 999.0 99.0 99.00
2005 01 06 09 00  52  5.8  7.1  1.46  7.14  5.64 999 1019.7   0.8   4.8 999.0 99.0 99.00
2005 01 06 10 00  64  6.3  7.8  1.33  6.67  5.31 999 1019.5   0.8   4.8 999.0 99.0 99.00
2005 01 06 11 00  54  8.0  9.4  1.33  7.14  5.07 999 1020.2   0.5   4.8 999.0 99.0 99.00
2005 01 06 12 00  55  8.3  9.7  1.37  6.25  4.69 999 1020.4  -0.5   4.8 999.0 99.0 99.00
2005 01 06 13 00  52  8.9 10.3  1.45  6.67  4.63 999 1021.0  -0.3   4.8 999.0 99.0 99.00
2005 01 06 14 00  52 10.4 11.7  1.49  6.25  4.42 999 1021.2   0.0   4.7 999.0 99.0 99.00
2005 01 06 15 00  65 10.7 12.4  1.64  5.88  4.40 999 1020.6   0.1   4.7 999.0 99.0 99.00
2005 01 06 16 00  75 10.4 12.0  1.58  4.55  4.37 999 1019.6   0.8   4.8 999.0 99.0 99.00
2005 01 06 18 00  86 11.6 13.9  1.71  4.76  4.33 999 1015.8   2.1   4.8 999.0 99.0 99.00
2005 01 06 19 00  90 12.2 99.0 99.00 99.00 99.00 999 9999.0   2.8 999.0 999.0 99.0 99.00
2005 01 06 20 00  91 11.0 13.7  1.94  4.76  4.43 999 1014.3   3.8   5.1 999.0 99.0 99.00
2005 01 06 21 00 100 12.7 15.7  1.96  5.00  4.38 999 1012.8   4.7   5.1 999.0 99.0 99.00
2005 01 06 22 00 108 12.7 15.0  1.90  5.56  4.42 999 1011.8   5.5   5.2 999.0 99.0 99.00
2005 01 06 23 00 114 12.6 15.3  2.24  5.88  4.78 999 1010.6   6.2   5.2 999.0 99.0 99.00
2005 01 07 00 00 114 11.2 13.6  2.37  6.25  5.00 999 1009.6   7.0   5.5 999.0 99.0 99.00
2005 01 07 01 00 129  9.1 10.8  2.17  6.67  5.08 999 1008.5   7.9   5.4 999.0 99.0 99.00
2005 01 07 02 00 193  7.1  9.0  2.06  7.14  5.43 999 1007.8   9.2   5.5 999.0 99.0 99.00
2005 01 07 03 00 218  7.8  9.2  1.73  7.14  5.34 999 1007.2   9.4   5.5 999.0 99.0 99.00
2005 01 07 04 00 225  8.5  9.9  1.87  7.14  5.49 999 1007.1   9.4   5.5 999.0 99.0 99.00
2005 01 07 05 00 232  9.1 10.3  1.80  7.14  5.27 999 1006.8   9.5   5.5 999.0 99.0 99.00
2005 01 07 06 00 249  7.7  9.1  1.72  7.69  5.39 999 1007.1   9.0   5.6 999.0 99.0 99.00
2005 01 07 07 00 247  7.3  8.5  1.57  7.14  5.42 999 1007.7   8.3   5.6 999.0 99.0 99.00
2005 01 07 08 00 255  6.5  8.2  1.73  7.14  5.41 999 1007.3   7.9   5.5 999.0 99.0 99.00
2005 01 07 09 00 251  6.4  7.6  1.83  7.14  5.68 999 1007.5   7.4   5.5 999.0 99.0 99.00
2005 01 07 10 00 273  6.9  8.2  1.85  7.14  5.73 999 1007.9   7.0   5.4 999.0 99.0 99.00
2005 01 07 11 00 265  6.3  7.4  1.82  7.14  5.50 999 1008.7   6.6   5.5 999.0 99.0 99.00
2005 01 07 12 00 260  6.7  8.2  1.71  6.67  5.54 999 1009.3   6.3   5.5 999.0 99.0 99.00
2005 01 07 13 00 263  8.1 10.1  1.80  5.88  5.30 999 1010.6   6.3   5.4 999.0 99.0 99.00
2005 01 07 14 00 274 10.2 12.5  1.94  6.67  5.18 999 1011.9   6.6   5.2 999.0 99.0 99.00
2005 01 07 15 00 287 11.6 14.1  2.44  5.56  5.28 999 1013.6   5.5   5.1 999.0 99.0 99.00
2005 01 07 16 00 287 11.6 13.8  2.89  6.25  5.66 999 1014.5   5.5   5.1 999.0 99.0 99.00
2005 01 07 17 00 287 13.5 16.4  3.12  6.67  5.77 999 1015.0   5.2   4.8 999.0 99.0 99.00
2005 01 07 18 00 295 13.8 16.9  3.63  7.14  6.27 999 1015.7   4.8   4.8 999.0 99.0 99.00
2005 01 07 19 00 301 12.1 15.2  3.50  7.69  6.33 999 1017.2   4.5   4.8 999.0 99.0 99.00
2005 01 07 20 00 304 11.5 14.9  3.81  7.69  6.61 999 1018.8   4.3   4.8 999.0 99.0 99.00
2005 01 07 21 00 309 10.6 12.8  4.17  8.33  7.09 999 1020.3   4.3   4.8 999.0 99.0 99.00
2005 01 07 22 00 316 10.6 12.4  3.55  9.09  7.02 999 1020.6   4.3   4.8 999.0 99.0 99.00
2005 01 07 23 00 302  8.1 10.3  3.23  9.09  6.84 999 1022.3   4.3   4.8 999.0 99.0 99.00
2005 01 08 00 00 308  8.2 10.5  3.62  9.09  7.20 999 1024.0   4.3   4.8 999.0 99.0 99.00
2005 01 08 01 00 308  8.2 10.2  3.39  9.09  6.82 999 1024.2   4.3   4.8 999.0 99.0 99.00
2005 01 08 02 00 308  6.0  7.6  3.39  8.33  6.76 999 1025.1   4.3   4.8 999.0 99.0 99.00
2005 01 08 03 00 312  5.7  7.5  2.89  8.33  6.41 999 1025.7   4.3   4.8 999.0 99.0 99.00
2005 01 08 04 00 296  4.1  6.1  2.96  7.14  6.31 999 1025.7   4.0   4.8 999.0 99.0 99.00
2005 01 08 05 00 327  4.2  5.1  2.95  7.69  6.39 999 1025.3   4.0   4.8 999.0 99.0 99.00
2005 01 08 06 00 288  2.0  2.9  2.76  9.09  6.44 999 1025.4   4.0   4.8 999.0 99.0 99.00
2005 01 08 07 00 260  3.0  3.9  2.53  9.09  6.36 999 1026.3   4.3   4.8 999.0 99.0 99.00
2005 01 08 08 00 256  3.5  4.9  2.32  7.69  6.31 999 1026.2   4.3   4.8 999.0 99.0 99.00
2005 01 08 09 00 257  3.7  4.9  2.23  9.09  6.46 999 1025.7   4.3   4.8 999.0 99.0 99.00
2005 01 08 10 00 258  4.0  5.1  2.07  8.33  6.55 999 1025.7   4.3   4.8 999.0 99.0 99.00
2005 01 08 11 00 257  3.9  4.7  2.02  7.69  6.33 999 1025.8   4.4   5.1 999.0 99.0 99.00
2005 01 08 12 00 268  2.9  3.7  2.08  8.33  6.43 999 1026.2   4.7   4.8 999.0 99.0 99.00
2005 01 08 13 00 273  2.0  2.6  1.79  7.69  6.25 999 1026.6   4.7   4.8 999.0 99.0 99.00
2005 01 08 14 00 278  1.9  2.5  1.68  7.69  6.03 999 1027.0   4.8   4.8 999.0 99.0 99.00
2005 01 08 15 00 264  0.1  0.4  1.67  6.67  6.05 999 1026.4   5.1   5.1 999.0 99.0 99.00
2005 01 08 16 00 140  1.1  1.6  1.68  6.25  5.94 999 1025.2   5.2   5.1 999.0 99.0 99.00
2005 01 08 17 00 138  2.0  2.7  1.51  8.33  5.76 999 1023.4   5.1   5.1 999.0 99.0 99.00
2005 01 08 18 00 149  4.2  5.0  1.56  8.33  5.90 999 1022.4   4.8   4.8 999.0 99.0 99.00
2005 01 08 19 00 138  6.0  7.3  1.56  9.09  5.81 999 1020.9   4.6   4.8 999.0 99.0 99.00
2005 01 08 20 00 136  6.7  8.1  1.38  8.33  5.74 999 1020.3   5.1   4.8 999.0 99.0 99.00
2005 01 08 21 00 126  8.9 10.9  1.30  8.33  5.49 999 1017.5   5.1   5.1 999.0 99.0 99.00
2005 01 08 22 00 122  7.2  9.0  1.27  8.33  4.78 999 1017.1   5.8   5.1 999.0 99.0 99.00
2005 01 08 23 00  97  8.1  9.2  1.24  8.33  5.00 999 1014.6   5.9   5.1 999.0 99.0 99.00
2005 01 09 00 00  45  8.9 10.9  1.18  7.69  4.64 999 1013.4   6.0   5.5 999.0 99.0 99.00
2005 01 09 01 00 100  9.6 12.4  1.30  7.69  4.39 999 1010.9   7.3   5.2 999.0 99.0 99.00
2005 01 09 02 00 164  8.2 12.9  1.33  7.69  4.48 999 1009.5   9.6   4.8 999.0 99.0 99.00
2005 01 09 03 00 239 11.1 15.2  1.45  7.69  4.66 999 1008.7   8.3   4.8 999.0 99.0 99.00
2005 01 09 04 00 246  9.3 10.9  1.56  5.00  4.55 999 1008.4   7.3   5.0 999.0 99.0 99.00
2005 01 09 05 00 354 16.5 20.8  1.52  5.26  4.56 999 1009.8   5.2   5.2 999.0 99.0 99.00
2005 01 09 06 00 355 14.7 18.2  2.41  5.26  4.69 999 1012.9   4.4   5.5 999.0 99.0 99.00
2005 01 09 07 00   7 14.3 17.5  2.84  6.25  5.30 999 1015.4   3.5   5.5 999.0 99.0 99.00
2005 01 09 08 00   5 13.4 16.5  3.27  7.14  5.62 999 1017.7   3.2   5.5 999.0 99.0 99.00
2005 01 09 09 00   2 12.9 15.7  3.46  7.69  5.75 999 1019.4   3.1   5.5 999.0 99.0 99.00
2005 01 09 10 00  11 12.1 14.4  3.17  7.69  5.79 999 1020.5   2.8   5.5 999.0 99.0 99.00
2005 01 09 11 00   6 10.8 13.3  3.08  7.69  5.86 999 1021.9   2.8   5.2 999.0 99.0 99.00
2005 01 09 12 00   6 10.5 13.2  3.30  7.69  6.18 999 1022.6   2.5   4.8 999.0 99.0 99.00
2005 01 09 13 00  14  8.8 11.6  3.38  8.33  6.61 999 1024.2   2.4   4.7 999.0 99.0 99.00
2005 01 09 14 00   2  7.9 10.6  3.16  8.33  6.33 999 1025.9   2.4   4.8 999.0 99.0 99.00
2005 01 09 15 00  13  8.6 11.2  2.92  8.33  6.21 999 1026.7   2.5   4.7 999.0 99.0 99.00
2005 01 09 16 00  13  7.9  9.8  2.88  8.33  6.23 999 1026.5   2.1   4.8 999.0 99.0 99.00
2005 01 09 17 00  10  8.3 10.3  2.85  7.69  6.08 999 1025.9   2.0   4.8 999.0 99.0 99.00
2005 01 09 18 00  11  8.5 10.7  2.91  7.69  6.04 999 1025.4   2.0   4.7 999.0 99.0 99.00
2005 01 09 19 00  22  8.8 10.5  2.71  8.33  5.74 999 1025.5   2.1   4.7 999.0 99.0 99.00
2005 01 09 20 00  29  8.0 10.0  2.90  8.33  5.94 999 1026.3   2.0   4.7 999.0 99.0 99.00
2005 01 09 21 00  31  6.6  8.6  2.69  7.69  5.97 999 1026.9   1.9   4.7 999.0 99.0 99.00
2005 01 09 22 00  39  5.9  9.1  2.55  8.33  6.00 999 1026.9   1.5   4.7 999.0 99.0 99.00
2005 01 09 23 00  55  3.9  5.7  2.19  8.33  6.24 999 1027.3   1.2   4.7 999.0 99.0 99.00
2005 01 10 00 00  48  3.2  4.9  2.04  8.33  6.50 999 1027.3   1.3   4.7 999.0 99.0 99.00
2005 01 10 01 00  21  3.1  4.4  1.80  8.33  6.33 999 1027.4   1.6   4.7 999.0 99.0 99.00
2005 01 10 02 00   6  2.1  3.2  1.89  8.33  6.44 999 1027.3   1.7   4.7 999.0 99.0 99.00
2005 01 10 03 00  17  3.1  4.4  1.91  8.33  6.60 999 1026.9   1.8   4.8 999.0 99.0 99.00
2005 01 10 04 00  13  2.7  4.5  1.90  8.33  6.68 999 1026.4   2.0   4.8 999.0 99.0 99.00
2005 01 10 05 00 352  4.6  5.7  1.90  8.33  6.57 999 1025.8   2.0   4.7 999.0 99.0 99.00
2005 01 10 06 00  16  4.1  5.2  1.85  8.33  6.41 999 1024.6   2.1   4.7 999.0 99.0 99.00
2005 01 10 07 00 325  2.8  3.8  1.88  8.33  6.03 999 1024.6   2.2   4.7 999.0 99.0 99.00
2005 01 10 08 00  30  1.6  2.4  1.88  8.33  6.01 999 1024.1   2.1   4.7 999.0 99.0 99.00
2005 01 10 09 00 109  0.7  1.3  1.91  8.33  5.97 999 1023.4   2.1   4.7 999.0 99.0 99.00
2005 01 10 10 00  96  3.3  3.9  1.76  7.69  6.00 999 1021.9   2.4   4.7 999.0 99.0 99.00
2005 01 10 11 00 121  2.9  3.9  1.63  8.33  5.94 999 1021.9   2.8   4.7 999.0 99.0 99.00
2005 01 10 12 00 126  4.3  5.0  1.43  7.69  5.99 999 1021.1   3.5   4.7 999.0 99.0 99.00
2005 01 10 13 00 140  4.4  4.9  1.52  8.33  6.44 999 1020.8   4.3   4.7 999.0 99.0 99.00
2005 01 10 14 00 144  5.2  6.0  1.42  8.33  6.45 999 1019.7   4.8   4.8 999.0 99.0 99.00
2005 01 10 15 00 143  6.7  7.8  1.40  8.33  6.54 999 1018.8   5.2   4.8 999.0 99.0 99.00
2005 01 10 16 00 158  5.3  6.0  1.28  9.09  5.96 999 1017.9   5.5   4.8 999.0 99.0 99.00
2005 01 10 17 00 178  4.9  6.1  1.33 10.00  6.45 999 1016.5   5.9   4.8 999.0 99.0 99.00
2005 01 10 18 00 205  4.6  6.6  1.29  9.09  6.36 999 1015.0   6.0   4.8 999.0 99.0 99.00
2005 01 10 19 00 191  5.4  6.8  1.54  8.33  6.39 999 1013.4   6.3   4.8 999.0 99.0 99.00
2005 01 10 20 00 250  5.8  7.1  1.32  9.09  6.01 999 1013.5   6.6   5.0 999.0 99.0 99.00
2005 01 10 21 00 252  3.5  4.5  1.33  9.09  5.87 999 1012.8   6.1   5.1 999.0 99.0 99.00
2005 01 10 22 00 261  4.8  6.0  1.24  9.09  5.84 999 1012.6   6.2   5.5 999.0 99.0 99.00
2005 01 10 23 00 268  5.5  7.0  1.12  9.09  5.62 999 1012.1   6.3   5.5 999.0 99.0 99.00
2005 01 11 00 00 243  5.4  6.3  1.10  8.33  5.38 999 1012.0   6.2   5.2 999.0 99.0 99.00
2005 01 11 01 00 249  6.3  7.7  1.27  8.33  5.52 999 1012.3   6.3   5.1 999.0 99.0 99.00
2005 01 11 02 00 285  9.5 12.7  1.39  6.25  5.06 999 1012.6   6.3   5.1 999.0 99.0 99.00
2005 01 11 03 00 290  9.6 11.9  1.78  5.00  4.91 999 1013.5   5.9   5.2 999.0 99.0 99.00
2005 01 11 04 00 289 11.4 14.2  2.26  5.56  5.05 999 1014.0   5.6   5.2 999.0 99.0 99.00
2005 01 11 05 00 295 12.2 15.1  2.52  6.25  5.13 999 1014.3   5.5   5.1 999.0 99.0 99.00
2005 01 11 06 00 299 11.9 13.9  2.30  6.67  5.05 999 1014.8   5.5   5.1 999.0 99.0 99.00
2005 01 11 07 00 298 10.8 13.1  2.46  6.67  5.16 999 1015.7   5.2   5.1 999.0 99.0 99.00
2005 01 11 08 00 291 11.4 13.2  2.59  7.14  5.20 999 1016.4   5.2   5.2 999.0 99.0 99.00
2005 01 11 09 00 303 10.7 12.8  2.82  7.69  5.64 999 1016.5   5.1   5.5 999.0 99.0 99.00
2005 01 11 10 00 302 11.8 13.7  3.05  7.69  5.88 999 1017.2   4.8   5.6 999.0 99.0 99.00
2005 01 11 11 00 301 10.8 13.7  2.84  7.69  5.91 999 1018.6   4.7   5.6 999.0 99.0 99.00
2005 01 11 12 00 293 11.6 14.4  2.79  8.33  5.95 999 1019.4   4.7   5.6 999.0 99.0 99.00
2005 01 11 13 00 309 11.3 14.8  3.19  8.33  6.54 999 1020.6   4.4   5.5 999.0 99.0 99.00
2005 01 11 14 00 303  9.6 11.6  3.03  8.33  6.34 999 1021.9   4.4   5.2 999.0 99.0 99.00
2005 01 11 15 00 316 10.1 12.2  3.05  8.33  6.33 999 1023.4   3.9   5.2 999.0 99.0 99.00
2005 01 11 16 00 307 11.0 14.0  3.13  8.33  6.13 999 1023.1   3.6   5.2 999.0 99.0 99.00
2005 01 11 17 00 306 10.8 13.1  3.13  7.69  5.88 999 1023.4   3.5   5.2 999.0 99.0 99.00
2005 01 11 18 00 303  9.2 11.1  3.08  7.69  5.82 999 1022.9   3.2   5.2 999.0 99.0 99.00
2005 01 11 19 00 311  8.6 11.1  3.05  7.69  5.90 999 1023.2   3.1   5.4 999.0 99.0 99.00
2005 01 11 20 00 330  8.3  9.8  2.72  7.14  5.71 999 1024.3   2.6   5.6 999.0 99.0 99.00
2005 01 11 21 00 325  7.5  8.8  2.51  7.14  5.48 999 1025.5   2.2   5.6 999.0 99.0 99.00
2005 01 11 22 00 341  6.4  8.7  2.16  7.14  5.47 999 1025.2   1.8   5.6 999.0 99.0 99.00
2005 01 11 23 00 340  5.8  7.3  2.13  8.33  5.66 999 1026.5   1.9   5.6 999.0 99.0 99.00
2005 01 12 00 00 339  6.0  8.0  1.90  7.69  5.71 999 1027.3   1.7   5.6 999.0 99.0 99.00
2005 01 12 01 00 341  5.1  6.7  2.03  7.69  6.06 999 1028.2   1.6   5.2 999.0 99.0 99.00
2005 01 12 02 00 331  4.7  6.6  2.01  8.33  6.38 999 1028.9   1.7   5.2 999.0 99.0 99.00
2005 01 12 03 00 335  4.1  5.5  1.93  8.33  6.14 999 1029.8   1.7   5.2 999.0 99.0 99.00
2005 01 12 04 00 357  3.8  5.4  1.98  8.33  6.09 999 1029.4   1.7   5.2 999.0 99.0 99.00
2005 01 12 05 00  14  3.9  5.1  1.66  7.69  5.71 999 1029.6   1.6   5.2 999.0 99.0 99.00
2005 01 12 06 00  57  2.6  5.0  1.66  7.14  5.72 999 1028.9   1.6   5.2 999.0 99.0 99.00
2005 01 12 07 00  60  3.3  4.4  1.66  6.67  5.57 999 1028.9   1.6   5.2 999.0 99.0 99.00
2005 01 12 08 00  82  3.1  4.0  1.58  6.25  5.36 999 1029.8   1.7   5.2 999.0 99.0 99.00
2005 01 12 09 00  60  5.5  7.1  1.54  5.56  5.20 999 1029.6   1.3   5.6 999.0 99.0 99.00
2005 01 12 10 00  56  7.2  9.5  1.52  5.56  5.06 999 1029.8   1.2   5.6 999.0 99.0 99.00
2005 01 12 11 00  66  8.4 10.0  1.46  5.56  4.76 999 1029.7   0.5   5.4 999.0 99.0 99.00
2005 01 12 12 00  96  8.5 10.4  1.24  5.88  4.32 999 1029.9   1.3   5.2 999.0 99.0 99.00
2005 01 12 13 00  92  9.5 11.3  1.14  5.88  4.13 999 1029.7   2.0   5.2 999.0 99.0 99.00
2005 01 12 14 00  88 10.9 12.5  1.21  3.45  3.94 999 1029.0   2.5   5.2 999.0 99.0 99.00
2005 01 12 15 00  79 10.8 13.0  1.31  4.00  4.00 999 1028.9   3.3   5.2 999.0 99.0 99.00
2005 01 12 16 00  75 11.0 12.9  1.46  4.35  4.15 999 1028.7   3.9   5.1 999.0 99.0 99.00
2005 01 12 17 00  84 11.5 13.7 99.00 99.00 99.00 999 1026.7   4.3   5.2 999.0 99.0 99.00
2005 01 12 18 00  85 11.9 14.1  1.98  5.26  4.73 999 1025.5   4.8   5.2 999.0 99.0 99.00
2005 01 12 19 00  90 11.5 13.9  2.11  5.88  5.06 999 1025.2   5.5   5.2 999.0 99.0 99.00
2005 01 12 20 00  92 10.9 13.9  2.21  5.88  5.12 999 1024.2   6.2   5.5 999.0 99.0 99.00
2005 01 12 21 00  94 10.3 14.7  2.62  6.25  5.48 999 1023.7   6.6   5.5 999.0 99.0 99.00
2005 01 12 22 00 105 12.1 14.7  2.61  6.67  5.51 999 1022.8   7.5   5.5 999.0 99.0 99.00
2005 01 12 23 00 103 10.9 14.2  2.77  7.14  5.56 999 1022.1   7.8   5.5 999.0 99.0 99.00
2005 01 13 00 00 107  9.3 11.6 99.00 99.00 99.00 999 1022.0   8.2   5.6 999.0 99.0 99.00
2005 01 13 01 00 103  7.9  9.6  2.56  7.14  5.66 999 1021.9   8.1   5.5 999.0 99.0 99.00
2005 01 13 02 00 125  5.1  6.1  2.44  7.69  5.80 999 1021.2   7.5   5.5 999.0 99.0 99.00
2005 01 13 03 00 180  4.1  4.8  2.68  7.69  6.23 999 1021.3   8.2   4.8 999.0 99.0 99.00
2005 01 13 04 00 211  4.4  5.2  2.52  7.69  6.38 999 1022.0   7.4   4.8 999.0 99.0 99.00
2005 01 13 05 00 238  5.2  6.8  2.43  7.69  6.48 999 1022.0   7.0   4.8 999.0 99.0 99.00
2005 01 13 06 00 240  3.9  5.2  2.22  8.33  6.42 999 1022.3   6.3   4.8 999.0 99.0 99.00
2005 01 13 07 00 246  4.2  5.1  2.47  8.33  6.76 999 1023.4   6.4   5.1 999.0 99.0 99.00
2005 01 13 08 00 252  5.5  7.4  2.20  8.33  6.47 999 1023.7   6.2   5.5 999.0 99.0 99.00
2005 01 13 09 00 252  4.0  4.8  2.32  8.33  6.67 999 1023.5   6.2   5.5 999.0 99.0 99.00
2005 01 13 10 00 238  3.3  4.0  2.41  7.69  6.52 999 1023.8   6.6   5.5 999.0 99.0 99.00
2005 01 13 11 00 238  2.9  3.5  2.26  7.69  6.33 999 1024.3   6.6   5.5 999.0 99.0 99.00
2005 01 13 12 00 219  3.6  4.4  2.16  8.33  6.35 999 1025.0   6.6   5.5 999.0 99.0 99.00
2005 01 13 13 00 238  4.8  6.0  2.21  7.69  6.26 999 1025.8   6.7   5.5 999.0 99.0 99.00
